113 107 115 99 116 106 119 112 120 98
114 109 118 104 122 97 101 100 111 103
110 105 102 117 121 121 122 116 119 110
115 103 102 100 109 107 120 99 104 113
117 114 118 111 105 98 112 108 106 97
111 100 103 122 115 112 105 119 109 118
120 117 98 116 102 104 113 110 121 108
101 114 107 106 99 107 97 110 98 109
122 120 103 112 121 105 106 111 100 117
104 99 119 102 113 116 118 101 115 108
101 117 102 116 103 114 105 112 109 113
108 98 118 115 111 106 104 122 121 107
119 120 97 99 100 98 122 104 120 106
107 101 99 116 121 113 118 103 108 117
109 100 115 110 97 119 114 102 112 111
104 113 121 98 97 118 119 120 102 106
101 117 115 114 100 103 116 107 111 122
109 99 112 108 105 98 119 116 120 101
99 115 118 114 117 106 112 121 102 105
104 111 110 107 122 109 113 108 100 97
32 103 105 109 100 101 102 106 122 115
118 110 114 120 116 111 119 107 98 97
121 113 117 112 99 108 120 110 102 112
98 107 106 103 117 118 97 101 119 99
109 115 113 108 116 121 114 100 122 105
104 105 100 118 106 121 115 99 102 116
104 110 109 98 101 112 122 120 114 108
113 103 97 111 107 117 32 98 122 107
119 121 117 111 99 110 112 113 103 105
101 118 106 102 114 100 97 108 104 109
120 115 98 121 116 105 100 113 103 115
109 117 102 114 110 119 120 97 104 101
118 107 106 122 99 112 108 32 122 116
114 103 102 120 98 110 112 101 104 121
97 99 117 111 107 100 105 113 109 119
108 106 118 112 117 122 118 109 104 116
106 99 108 107 121 120 115 102 119 105
113 98 97 100 114 110 101 103 117 121
99 113 97 98 101 102 103 107 106 118
100 105 122 114 111 112 110 104 119 115
116 120 109 101 99 121 111 110 109 119
120 116 100 115 122 102 108 103 112 98
114 105 104 106 107 117 113 97 103 97
114 107 122 102 104 111 112 117 121 106
105 118 119 109 108 116 99 100 98 110
120 113 115 32 110 121 116 107 108 119
117 101 105 99 103 114 100 98 102 122
113 111 106 118 104 120 115 109 97 119
100 97 118 98 105 99 107 115 103 116
101 110 113 109 117 106 121 104 111 112
108 102 120 122 110 112 102 97 108 107
122 106 105 115 104 100 113 120 109 121
99 103 101 114 118 119 117 116 98 104
122 103 116 121 114 97 120 107 100 106
119 105 115 101 111 113 110 99 108 117
109 112 102 118 103 115 105 100 119 121
101 120 98 104 118 112 122 113 110 111
106 107 102 109 99 114 116 97 117 118
114 98 112 97 107 109 113 111 117 103
122 104 115 100 121 102 99 105 119 106
110 116 108 120 121 111 102 112 122 101
100 97 107 113 106 116 119 108 117 105
120 103 99 114 104 110 98 115 118 98
111 109 121 105 97 113 102 107 103 120
122 114 106 108 119 104 118 117 112 116
110 100 99 101 32 119 102 107 109 118
111 98 114 115 104 101 100 99 108 120
122 112 97 116 110 103 113 121 105 106
120 109 121 100 105 101 119 113 106 99
110 102 103 97 98 112 114 111 107 118
108 122 104 117 116 106 122 118 110 107
109 103 104 113 112 101 117 108 111 116
115 97 102 121 99 114 98 100 120 119
113 108 109 120 112 97 105 107 100 103
99 122 119 111 118 121 102 101 115 116
117 98 114 104 106 101 106 112 104 114
116 118 120 105 98 121 115 110 119 102
122 117 99 111 97 113 109 108 100 107
32 118 113 100 98 122 114 121 117 111
97 109 119 110 105 102 108 107 99 112
103 101 106 104 116 120 104 106 97 110
101 105 115 120 100 108 107 98 118 121
102 99 103 122 119 109 113 114 117 116
112 120 106 119 112 107 103 100 121 116
109 118 115 104 105 110 122 101 108 117
97 114 113 111 99 98 114 119 122 112
117 105 102 103 106 115 118 98 104 108
100 110 101 107 99 121 113 109 111 120
97 99 110 108 117 100 98 103 106 112
97 122 104 114 102 116 105 111 115 120
101 109 113 118 121 107 120 106 115 116
101 108 119 118 114 104 98 112 111 109
105 99 102 113 122 107 121 117 110 100
103 98 100 122 106 120 117 101 105 107
110 112 116 109 111 121 115 97 118 102
99 108 119 113 103 104 122 99 97 117
118 112 110 116 109 111 113 105 115 114
103 108 121 100 120 119 104 102 98 107
106 10 109 115 110 111 117 104 106 118
107 113 97 108 102 119 100 101 122 120
121 112 114 98 103 116 99 121 112 106
103 99 105 119 122 117 108 110 109 118
98 101 114 120 116 100 111 107 113 102
104 97 32 111 109 110 107 99 121 98
118 113 102 112 101 116 100 119 106 115
105 103 108 104 120 117 114 122 32 99
110 117 103 97 113 98 109 120 116 102
101 119 112 115 108 105 122 106 100 107
111 114 104 121 98 118 100 99 121 111
114 116 109 120 115 103 101 117 107 113
104 122 108 105 119 106 112 110 102 117
115 119 104 118 110 101 109 105 97 103
102 114 120 111 100 98 113 121 106 116
99 112 122 107 97 111 114 115 98 106
108 107 110 109 101 103 102 116 119 113
99 105 121 120 118 100 104 112 122 108
116 118 112 107 109 120 103 119 106 114
100 122 101 117 98 111 102 113 104 121
105 115 110 99 109 97 116 104 102 113
110 106 101 121 103 119 118 115 120 107
100 114 112 122 117 108 105 111 99 103
112 117 113 99 106 119 97 104 116 114
115 102 98 111 122 120 109 100 101 121
105 118 110 107 105 122 117 98 119 100
106 102 121 116 111 97 107 108 104 113
118 109 114 99 103 110 115 112 120 32
114 107 102 106 112 111 122 113 115 105
120 99 97 104 117 100 119 101 118 121
110 116 109 98 103 108 107 101 111 99
98 121 110 112 122 106 109 113 117 114
104 100 115 97 120 118 116 102 103 119
115 104 100 106 121 117 111 101 122 109
118 97 114 120 98 113 99 108 103 112
116 110 107 105 119 100 111 116 99 106
102 119 107 103 98 118 120 108 112 122
117 97 115 104 109 110 114 105 121 113
32 116 109 97 105 102 100 104 119 118
121 112 110 111 103 98 114 108 120 117
122 99 107 101 106 113 122 113 105 112
117 99 116 104 103 109 121 111 114 102
120 106 119 101 118 108 100 110 115 98
97 101 117 120 118 116 112 108 100 115
114 99 121 104 113 111 97 102 106 110
107 109 119 103 122 98 105 119 102 121
115 122 113 110 112 114 98 100 109 116
106 118 104 111 97 107 120 117 99 101
103 109 99 106 122 115 112 100 120 111
114 101 102 104 119 110 116 103 113 98
117 97 121 107 105 118 32 107 112 116
119 104 110 98 97 117 101 108 100 122
109 113 121 118 114 120 106 115 99 105
111 103 116 118 107 108 98 101 113 102
104 105 119 103 97 99 100 117 115 121
109 110 106 120 122 112 114 117 101 115
103 122 113 99 106 120 105 100 97 110
102 104 98 118 109 108 111 121 107 112
116 119 32 97 113 108 117 98 116 122
118 114 106 111 100 109 104 119 110 120
103 102 112 107 121 105 99 115 121 109
107 100 114 113 97 111 105 101 119 103
117 106 102 104 120 115 116 112 98 118
122 99 108 106 97 116 109 107 115 102
108 111 100 117 104 114 113 120 110 121
98 122 105 119 112 99 118 101 108 111
100 104 119 116 97 110 114 102 99 107
122 113 115 117 106 109 118 103 98 120
112 101 121 115 107 99 106 105 98 100
111 108 117 101 104 122 102 113 112 120
119 118 109 116 121 114 103 97 106 108
107 116 119 114 120 98 104 100 111 97
115 99 110 118 102 121 105 112 122 109
117 103 113 110 97 112 103 105 108 111
121 120 114 118 104 117 102 100 116 119
113 107 115 109 122 98 99 106 102 121
101 120 112 98 111 103 109 106 122 99
118 104 97 110 115 116 105 119 117 108
100 113 107 99 113 107 98 117 116 105
97 106 111 121 101 110 100 102 108 104
122 119 114 109 103 112 118 120 46
